CHARGE_AMP: 123.721709
E0_CORRECTION: -310.351262
MEAN_TAU: 16925.792932
