CHARGE_AMP: 133.387958
E0_CORRECTION: -277.459411
MEAN_TAU: 13208.852858
